,Pos,No,Team,Drivers,Class,Laps,Time,Gap,Interval,Kph,Best,Lap
0,1.0,1,Porsche Team,Timo Bernhard/Mark Webber/Brendon Hartley/,LMP1-H,15,3:23.307,,,241.331,,
1,2.0,5,Toyota Gazoo Racing,Anthony Davidson/Sébastien Buemi/Kazuki Nakajima/,LMP1-H,24,3:24.399,+ 1.092,+ 1.092,240.042,,
2,3.0,2,Porsche Team,Romain Dumas/Neel Jani/Marc Lieb/,LMP1-H,15,3:25.511,+ 2.204,+ 1.112,238.743,,
3,4.0,6,Toyota Gazoo Racing,Stéphane Sarrazin/Mike Conway/Kamui Kobayashi/,LMP1-H,22,3:25.899,+ 2.592,+ 0.388,238.293,,
4,5.0,8,Audi Sport Team Joest,Lucas di Grassi/Loïc Duval/Oliver Jarvis/,LMP1-H,21,3:26.680,+ 3.373,+ 0.781,237.393,,
5,6.0,12,Rebellion Racing,Nicolas Prost/Nick Heidfeld/Nelson Piquet Jr./,LMP1,9,3:27.573,+ 4.266,+ 0.893,236.37099999999998,,
6,7.0,13,Rebellion Racing,Mathéo Tuscher/Alexandre Imperatori/Dominik Kraihamer/,LMP1,5,3:30.010,+ 6.703,+ 2.437,233.628,,
7,8.0,4,ByKOLLES Racing Team,Simon Trummer/Oliver Webb/Pierre Kaffer/,LMP1,10,3:34.168,+ 10.861,+ 4.158,229.093,,
8,9.0,35,Baxi DC Racing Alpine,David Cheng/Ho-Pin Tung/Nelson Panciatici/,LMP2,10,3:39.559,+ 16.252,+ 5.391,223.467,,
9,10.0,47,KCMG,Tsugio Matsuda/Matthew Howson/Richard Bradley/,LMP2,12,3:39.562,+ 16.255,+ 0.003,223.46400000000003,,
10,11.0,31,Extreme Speed Motorsports,Ryan Dalziel/Luis Felipe Derani/Christopher Cumming/,LMP2,14,3:40.436,+ 17.129,+ 0.874,222.578,,
11,12.0,46,Thiriet by TDS Racing,Pierre Thiriet/Mathias Beche/Ryo Hirakawa/,LMP2,8,3:40.611,+ 17.304,+ 0.175,222.40200000000002,,
12,13.0,36,Signatech Alpine,Gustavo Menezes/Nicolas Lapierre/Stéphane Richelmi/,LMP2,15,3:40.895,+ 17.588,+ 0.284,222.11599999999999,,
13,14.0,28,Pegasus Racing,Inès Taittinger/Rémy Striebig/Léo Roussel/,LMP2,8,3:41.285,+ 17.978,+ 0.390,221.72400000000002,,
14,15.0,27,SMP Racing,Nicolas Minassian/Maurizio Mediani/Mikhail Aleshin/,LMP2,20,3:41.457,+ 18.150,+ 0.172,221.55200000000002,,
15,16.0,37,SMP Racing,Vitaly Petrov/Viktor Shaitar/Kirill Ladygin/,LMP2,8,3:41.776,+ 18.469,+ 0.319,221.234,,
16,17.0,25,Algarve Pro Racing,Michael Munemann/Chris Hoy/Andrea Pizzitola/,LMP2,19,3:42.088,+ 18.781,+ 0.312,220.923,,
17,18.0,41,Greaves Motorsport,Memo Rojas/Julien Canal/Nathanaël Berthon/,LMP2,12,3:42.570,+ 19.263,+ 0.482,220.44400000000002,,
18,19.0,42,Strakka Racing,Nick Leventis/Danny Watts/Jonny Kane/,LMP2,14,3:44.142,+ 20.835,+ 1.572,218.898,,
19,20.0,43,RGR Sport by Morand,Ricardo González/Bruno Senna/Filipe Albuquerque/,LMP2,20,3:44.198,+ 20.891,+ 0.056,218.84400000000002,,
20,21.0,22,So24 ! By Lombard Racing,Vincent Capillaire/Erik Maris/Jonathan Coleman/,LMP2,15,3:44.347,+ 21.040,+ 0.149,218.69799999999998,,
21,22.0,23,Panis Barthez Competition,Fabien Barthez/Paul Loup Chatin/Timothe Buret/,LMP2,19,3:45.018,+ 21.711,+ 0.671,218.046,,
22,23.0,48,Murphy Prototypes,Ben Keating/Jeroen Bleekemolen/Marc Goossens/,LMP2,7,3:45.067,+ 21.760,+ 0.049,217.99900000000002,,
23,24.0,7,Audi Sport Team Joest,Marcel Fässler/André Lotterer/Benoît Tréluyer/,LMP1-H,16,3:45.468,+ 22.161,+ 0.401,217.611,,
24,25.0,34,Race Performance,Nicolas Niki Leutwiler/Shinji Nakano/James Winslow/,LMP2,11,3:45.711,+ 22.404,+ 0.243,217.377,,
25,26.0,40,Krohn Racing,Tracy Krohn/Nic Jönsson/João Barbosa/,LMP2,13,3:45.978,+ 22.671,+ 0.267,217.12,,
26,27.0,49,Michael Shank Racing,John Pew/Oswaldo Negri Jr./Laurens Vanthoor/,LMP2,19,3:51.759,+ 28.452,+ 5.781,211.704,,
27,28.0,51,AF Corse,Gianmaria Bruni/James Calado/Alessandro Pier Guidi/,GTE Pro,15,3:53.218,+ 29.911,+ 1.459,210.37900000000002,,
28,29.0,69,Ford Chip Ganassi Team USA,Ryan Briscoe/Richard Westbrook/Scott Dixon/,GTE Pro,13,3:53.603,+ 30.296,+ 0.385,210.033,,
29,30.0,68,Ford Chip Ganassi Team USA,Joey Hand/Dirk Muller/Sebastien Bourdais/,GTE Pro,18,3:53.672,+ 30.365,+ 0.069,209.97099999999998,,
30,31.0,82,Risi Competizione,Giancarlo Fisichella/Toni Vilander/Matteo Malucelli/,GTE Pro,12,3:55.032,+ 31.725,+ 1.360,208.75599999999997,,
31,32.0,71,AF Corse,Davide Rigon/Sam Bird/Andrea Bertolini/,GTE Pro,13,3:55.066,+ 31.759,+ 0.034,208.726,,
32,33.0,67,Ford Chip Ganassi Team UK,Marino Franchitti/Andy Priaulx/Harry Tincknell/,GTE Pro,20,3:55.750,+ 32.443,+ 0.684,208.12,,
33,34.0,91,Porsche Motorsport,Patrick Pilet/Kévin Estre/Nick Tandy/,GTE Pro,6,3:56.792,+ 33.485,+ 1.042,207.204,,
34,35.0,77,Dempsey Racing - Proton,Richard Lietz/Michael Christensen/Philipp Eng/,GTE Pro,17,3:57.082,+ 33.775,+ 0.290,206.951,,
35,36.0,92,Porsche Motorsport,Frédéric Makowiecki/Earl Bamber/Jörg Bergmeister/,GTE Pro,5,3:57.128,+ 33.821,+ 0.046,206.91099999999997,,
36,37.0,88,Abu Dhabi-Proton Racing,Khaled Al Qubaisi/David Heinemeier Hansson/Patrick Long/,GTE Am,22,3:57.513,+ 34.206,+ 0.385,206.575,,
37,38.0,66,Ford Chip Ganassi Team UK,Olivier Pla/Stefan Mücke/Billy Johnson/,GTE Pro,15,3:58.358,+ 35.051,+ 0.845,205.843,,
38,39.0,64,Corvette Racing,Oliver Gavin/Tommy Milner/Jordan Taylor/,GTE Pro,18,3:58.493,+ 35.186,+ 0.135,205.726,,
39,40.0,78,KCMG,Christian Ried/Wolf Henzler/Joël Camathias/,GTE Am,15,3:59.034,+ 35.727,+ 0.541,205.261,,
40,41.0,63,Corvette Racing,Jan Magnussen/Antonio García/Ricky Taylor/,GTE Pro,18,3:59.268,+ 35.961,+ 0.234,205.06,,
41,42.0,55,AF Corse,Duncan Cameron/Matt Griffin/Aaron Scott/,GTE Am,21,3:59.469,+ 36.162,+ 0.201,204.888,,
42,43.0,89,Proton Competition,Cooper MacNeil/Leh Keen/Marc Miller/,GTE Am,24,4:00.107,+ 36.800,+ 0.638,204.343,,
43,44.0,84,SRT41 By Oak Racing,Fréderic Sausset/Christophe Tinseau/Jean-Bernard Bouvet/,CDNT,9,4:01.607,+ 38.300,+ 1.500,203.075,,
44,45.0,38,G-Drive Racing,Simon Dolan/Jake Dennis/Giedo van der Garde/,LMP2,11,4:01.981,+ 38.674,+ 0.374,202.761,,
45,46.0,83,AF Corse,François Perrodo/Emmanuel Collard/Rui Águas/,GTE Am,19,4:03.676,+ 40.369,+ 1.695,201.35,,
46,47.0,60,Formula Racing,Johnny Laursen/Mikkel Mac/Christina Nielsen/,GTE Am,21,4:03.851,+ 40.544,+ 0.175,201.206,,
47,48.0,26,G-Drive Racing,Roman Rusinov/Will Stevens/René Rast/,LMP2,9,4:04.887,+ 41.580,+ 1.036,200.355,,
48,49.0,62,Scuderia Corsa,Bill Sweedler/Townsend Bell/Jeffrey Segal/,GTE Am,10,4:05.643,+ 42.336,+ 0.756,199.738,,
49,50.0,57,Team AAI,Johnny O'Connell/Oliver Bryant/Mark Patterson/,GTE Am,16,4:05.822,+ 42.515,+ 0.179,199.593,,
50,51.0,61,Clearwater Racing,Weng Sun Mok/Keita Sawa/Rob Bell/,GTE Am,19,4:06.801,+ 43.494,+ 0.979,198.801,,
51,52.0,86,Gulf Racing UK,Michael Wainwright/Adam Carroll/Ben Barker/,GTE Am,10,4:09.283,+ 45.976,+ 2.482,196.822,,
52,53.0,30,Extreme Speed Motorsports,Scott Sharp/Ed Brown/Johannes van Overbeek/,LMP2,13,4:14.456,+ 51.149,+ 5.173,192.82,,
53,54.0,33,Eurasia Motorsport,Pu Jun Jin/Tristan Gommendy/Nico Pieter De Bruijn/,LMP2,9,4:14.491,+ 51.184,+ 0.035,192.794,,
54,55.0,50,Larbre Compétition,Yutaka Yamagishi/Pierre Ragues/Jean Philippe Belloc/,GTE Am,12,4:27.530,+ 1:04.223,+ 13.039,183.39700000000002,,
55,,44,Manor,Tor Graves/Matthew Rao/Roberto Merhi/,LMP2,3,,,,,,
56,,99,Aston Martin Racing,Andrew Howard/Liam Griffin/Gary Hirsch/,GTE Am,7,,,,,,
57,,98,Aston Martin Racing,Paul Dalla Lana/Pedro Lamy/Mathias Lauda/,GTE Am,2,,,,,,
58,,97,Aston Martin Racing,Richie Stanaway/Fernando Rees/Jonathan Adam/,GTE Pro,1,,,,,,
