,Pos,No,Team,Drivers,Class,Laps,Time,Gap,Interval,Kph,Best,Lap
0,1,7,Toyota Gazoo Racing,Mike Conway/Kamui Kobayashi/Jose Maria Lopez/,LMP1,25.0,3:17.161,,,248.799,,
1,2,17,SMP Racing,Stéphane Sarrazin/Egor Orudzhev/Sergey Sirotkin/,LMP1,23.0,3:17.633,+ 0.472,+ 0.472,248.205,,
2,3,3,Rebellion Racing,Thomas Laurent/Nathanaël Berthon/Gustavo Menezes/,LMP1,19.0,3:19.603,+ 2.442,+ 1.970,245.755,,
3,4,8,Toyota Gazoo Racing,Sébastien Buemi/Kazuki Nakajima/Fernando Alonso/,LMP1,30.0,3:19.632,+ 2.471,+ 0.029,245.72,,
4,5,10,DragonSpeed,Henrik Hedman/Ben Hanley/Renger van der Zande/,LMP1,9.0,3:20.200,+ 3.039,+ 0.568,245.02200000000002,,
5,6,11,SMP Racing,Vitaly Petrov/Mikhail Aleshin/Stoffel Vandoorne/,LMP1,19.0,3:20.934,+ 3.773,+ 0.734,244.127,,
6,7,4,ByKOLLES Racing Team,Tom Dillmann/Oliver Webb/Paolo Ruberti/,LMP1,21.0,3:25.246,+ 8.085,+ 4.312,238.99900000000002,,
7,8,31,DragonSpeed,Roberto González/Pastor Maldonado/Anthony Davidson/,LMP2,22.0,3:26.804,+ 9.643,+ 1.558,237.19799999999998,,
8,9,36,Signatech Alpine Matmut,Nicolas Lapierre/André Negrão/Pierre Thiriet/,LMP2,24.0,3:26.935,+ 9.774,+ 0.131,237.048,,
9,10,22,United Autosports,Philip Hanson/Filipe Albuquerque/Paul di Resta/,LMP2,28.0,3:27.338,+ 10.177,+ 0.403,236.58700000000002,,
10,11,48,Idec Sport Racing,Paul Lafargue/Paul Loup Chatin/Memo Rojas/,LMP2,24.0,3:27.847,+ 10.686,+ 0.509,236.00799999999998,,
11,12,30,Duqueine Engineering,Nicolas Jamin/Pierre Ragues/Romain Dumas/,LMP2,17.0,3:28.653,+ 11.492,+ 0.806,235.09599999999998,,
12,13,38,Jackie Chan DC Racing,Ho-Pin Tung/Stéphane Richelmi/Gabriel Aubry/,LMP2,26.0,3:28.738,+ 11.577,+ 0.085,235.0,,
13,14,28,TDS Racing,François Perrodo/Matthieu Vaxiviere/Loïc Duval/,LMP2,24.0,3:28.840,+ 11.679,+ 0.102,234.886,,
14,15,29,Racing Team Nederland,Frits van Eerd/Giedo van der Garde/Nyck de Vries/,LMP2,28.0,3:28.909,+ 11.748,+ 0.069,234.808,,
15,16,26,G-Drive Racing,Roman Rusinov/Job van Uitert/Jean-Eric Vergne/,LMP2,28.0,3:29.107,+ 11.946,+ 0.198,234.58599999999998,,
16,17,25,Algarve Pro Racing,David Zollinger/Andrea Pizzitola/John Falb/,LMP2,28.0,3:29.126,+ 11.965,+ 0.019,234.56400000000002,,
17,18,37,Jackie Chan DC Racing,David Heinemeier Hansson/Jordan King/Ricky Taylor/,LMP2,30.0,3:29.498,+ 12.337,+ 0.372,234.148,,
18,19,32,United Autosports,Ryan Cullen/Alex Brundle/Will Owen/,LMP2,24.0,3:29.583,+ 12.422,+ 0.085,234.053,,
19,20,47,Cetilar Villorba Corse,Roberto Lacorte/Giorgio Sernagiotto/Andrea Belicchi/,LMP2,23.0,3:29.748,+ 12.587,+ 0.165,233.86900000000003,,
20,21,23,Panis Barthez Competition,René Binder/Julien Canal/Will Stevens/,LMP2,28.0,3:29.821,+ 12.660,+ 0.073,233.787,,
21,22,34,Inter Europol Competition,Jakub Smiechowski/James Winslow/Nigel Moore/,LMP2,27.0,3:30.744,+ 13.583,+ 0.923,232.763,,
22,23,39,Graff,Tristan Gommendy/Vincent Capillaire/Jonathan Hirschi/,LMP2,23.0,3:30.970,+ 13.809,+ 0.226,232.514,,
23,24,43,RLR M Sport/Tower Events,John Farano/Arjun Maini/Norman Nato/,LMP2,25.0,3:31.017,+ 13.856,+ 0.047,232.46200000000002,,
24,25,20,High Class Racing,Anders Fjordbach/Dennis Andersen/Mathias Beche/,LMP2,21.0,3:32.945,+ 15.784,+ 1.928,230.358,,
25,26,49,ARC Bratislava,Miroslav Konopka/Henning Enqvist/Konstantin Tereschenko/,LMP2,25.0,3:35.480,+ 18.319,+ 2.535,227.648,,
26,27,50,Larbre Compétition,Erwin Creed/Romano Ricci/Nick Boulle/,LMP2,16.0,3:38.663,+ 21.502,+ 3.183,224.334,,
27,28,67,Ford Chip Ganassi Team UK,Andy Priaulx/Harry Tincknell/Jonathan Bomarito/,GTE Pro,23.0,3:49.530,+ 32.369,+ 10.867,213.713,,
28,29,93,Porsche GT Team,Patrick Pilet/Earl Bamber/Nick Tandy/,GTE Pro,23.0,3:49.558,+ 32.397,+ 0.028,213.687,,
29,30,97,Aston Martin Racing,Maxime Martin/Alex Lynn/Jonathan Adam/,GTE Pro,27.0,3:50.037,+ 32.876,+ 0.479,213.24200000000002,,
30,31,91,Porsche GT Team,Richard Lietz/Gianmaria Bruni/Frédéric Makowiecki/,GTE Pro,25.0,3:50.099,+ 32.938,+ 0.062,213.18400000000003,,
31,32,94,Porsche GT Team,Sven Müller/Mathieu Jaminet/Dennis Olsen/,GTE Pro,25.0,3:50.278,+ 33.117,+ 0.179,213.019,,
32,33,92,Porsche GT Team,Michael Christensen/Kévin Estre/Laurens Vanthoor/,GTE Pro,25.0,3:50.468,+ 33.307,+ 0.190,212.843,,
33,34,95,Aston Martin Racing,Nicki Thiim/Marco Sørensen/Darren Turner/,GTE Pro,25.0,3:50.812,+ 33.651,+ 0.344,212.52599999999998,,
34,35,71,AF Corse,Davide Rigon/Sam Bird/Miguel Molina/,GTE Pro,18.0,3:50.850,+ 33.689,+ 0.038,212.49099999999999,,
35,36,81,BMW Team MTEK,Nick Catsburg/Martin Tomczyk/Philipp Eng/,GTE Pro,26.0,3:51.476,+ 34.315,+ 0.626,211.916,,
36,37,69,Ford Chip Ganassi Team USA,Ryan Briscoe/Richard Westbrook/Scott Dixon/,GTE Pro,22.0,3:51.821,+ 34.660,+ 0.345,211.601,,
37,38,63,Corvette Racing,Jan Magnussen/Antonio García/Mike Rockenfeller/,GTE Pro,24.0,3:52.109,+ 34.948,+ 0.288,211.338,,
38,39,51,AF Corse,Alessandro Pier Guidi/James Calado/Daniel Serra/,GTE Pro,26.0,3:52.128,+ 34.967,+ 0.019,211.321,,
39,40,88,Dempsey-Proton Racing,Satoshi Hoshino/Giorgio Roda/Matteo Cairoli/,GTE Am,23.0,3:52.454,+ 35.293,+ 0.326,211.024,,
40,41,64,Corvette Racing,Oliver Gavin/Tommy Milner/Marcel Fässler/,GTE Pro,17.0,3:52.490,+ 35.329,+ 0.036,210.99200000000002,,
41,42,56,Team Project 1,Jörg Bergmeister/Patrick Lindsey/Egidio Perfetti/,GTE Am,20.0,3:52.750,+ 35.589,+ 0.260,210.75599999999997,,
42,43,89,Risi Competizione,Luis Felipe Derani/Oliver Jarvis/Jules Gounon/,GTE Pro,25.0,3:52.997,+ 35.836,+ 0.247,210.533,,
43,44,68,Ford Chip Ganassi Team USA,Joey Hand/Dirk Muller/Sebastien Bourdais/,GTE Pro,19.0,3:53.053,+ 35.892,+ 0.056,210.482,,
44,45,77,Dempsey-Proton Racing,Matt Campbell/Christian Ried/Julien Andlauer/,GTE Am,22.0,3:53.408,+ 36.247,+ 0.355,210.162,,
45,46,82,BMW Team MTEK,Augusto Farfus/António Félix da Costa/Jesse Krohn/,GTE Pro,23.0,3:53.498,+ 36.337,+ 0.090,210.081,,
46,47,98,Aston Martin Racing,Paul Dalla Lana/Pedro Lamy/Mathias Lauda/,GTE Am,26.0,3:53.530,+ 36.369,+ 0.032,210.05200000000002,,
47,48,54,Spirit of Race,Thomas Flohr/Francesco Castellacci/Giancarlo Fisichella/,GTE Am,19.0,3:53.793,+ 36.632,+ 0.263,209.81599999999997,,
48,49,66,Ford Chip Ganassi Team UK,Stefan Mücke/Olivier Pla/Billy Johnson/,GTE Pro,16.0,3:53.793,+ 36.632,,209.81599999999997,,
49,50,90,TF Sport,Salih Yoluc/Euan Hankey/Charlie Eastwood/,GTE Am,22.0,3:53.974,+ 36.813,+ 0.181,209.65400000000002,,
50,51,78,Proton Competition,Louis Prette Jr./Philippe Prette/Vincent Abril/,GTE Am,21.0,3:54.324,+ 37.163,+ 0.350,209.34,,
51,52,84,JMW Motorsport,Jeffrey Segal/Rodrigo Baptista/Wei Lu/,GTE Am,23.0,3:54.513,+ 37.352,+ 0.189,209.172,,
52,53,70,MR Racing,Motoaki Ishikawa/Olivier Beretta/Eddie Cheever III/,GTE Am,27.0,3:54.737,+ 37.576,+ 0.224,208.972,,
53,54,86,Gulf Racing,Michael Wainwright/Ben Barker/Thomas Preining/,GTE Am,24.0,3:55.033,+ 37.872,+ 0.296,208.709,,
54,55,62,WeatherTech Racing,Cooper MacNeil/Toni Vilander/Robert Smith/,GTE Am,25.0,3:55.544,+ 38.383,+ 0.511,208.25599999999997,,
55,56,57,CarGuy Racing,Takeshi Kimura/Kei Cozzolino/Côme Ledogar/,GTE Am,21.0,3:56.034,+ 38.873,+ 0.490,207.824,,
56,57,61,Clearwater Racing,Luis Pérez-Companc/Matt Griffin/Matteo Cressoni/,GTE Am,22.0,3:56.072,+ 38.911,+ 0.038,207.79,,
57,58,60,Kessel Racing,Claudio Schiavoni/Sergio Pianezzola/Andrea Piccini/,GTE Am,22.0,3:56.147,+ 38.986,+ 0.075,207.72400000000002,,
58,59,83,Kessel Racing,Manuela Gostner/Rahel Frey/Michelle Gatting/,GTE Am,24.0,3:56.333,+ 39.172,+ 0.186,207.56099999999998,,
59,60,85,Keating Motorsports,Ben Keating/Jeroen Bleekemolen/Felipe Fraga/,GTE Am,23.0,3:56.579,+ 39.418,+ 0.246,207.345,,
60,61,1,Rebellion Racing,Neel Jani/André Lotterer/Bruno Senna/,LMP1,27.0,3:59.948,+ 42.787,+ 3.369,204.43400000000003,,
61,62,99,Dempsey-Proton Racing,Patrick Long/Tracy Krohn/Nic Jönsson/,GTE Am,,4:00.472,+ 43.311,+ 0.524,203.988,,
