,Pos,No,Team,Drivers,Class,Laps,Time,Gap,Interval,Kph,Best,Lap
0,1,8,Toyota Gazoo Racing,Sébastien Buemi/Anthony Davidson/Kazuki Nakajima/,LMP1,32,3:17.128,,,248.896,,
1,2,1,Porsche LMP Team,Neel Jani/André Lotterer/Nick Tandy/,LMP1,30,3:18.210,+ 1.082,+ 1.082,247.537,,
2,3,9,Toyota Gazoo Racing,Nicolas Lapierre/Yuji Kunimoto/Jose Maria Lopez/,LMP1,31,3:18.625,+ 1.497,+ 0.415,247.02,,
3,4,7,Toyota Gazoo Racing,Mike Conway/Kamui Kobayashi/Stéphane Sarrazin/,LMP1,28,3:19.928,+ 2.800,+ 1.303,245.41,,
4,5,2,Porsche LMP Team,Timo Bernhard/Earl Bamber/Brendon Hartley/,LMP1,15,3:20.154,+ 3.026,+ 0.226,245.13299999999998,,
5,6,4,ByKOLLES Racing Team,Oliver Webb/Dominik Kraihamer/Marco Bonanomi/,LMP1,12,3:24.170,+ 7.042,+ 4.016,240.31099999999998,,
6,7,26,G-Drive Racing,Roman Rusinov/Pierre Thiriet/Alex Lynn/,LMP2,26,3:25.352,+ 8.224,+ 1.182,238.928,,
7,8,38,Jackie Chan DC Racing,Ho-Pin Tung/Thomas Laurent/Oliver Jarvis/,LMP2,24,3:25.911,+ 8.783,+ 0.559,238.27900000000002,,
8,9,25,CEFC Manor TRS Racing,Roberto González/Simon Trummer/Vitaly Petrov/,LMP2,23,3:26.521,+ 9.393,+ 0.610,237.575,,
9,10,31,Vaillante Rebellion,Nicolas Prost/Julien Canal/Bruno Senna/,LMP2,29,3:26.736,+ 9.608,+ 0.215,237.328,,
10,11,13,Vaillante Rebellion,Nelson Piquet Jr./David Heinemeier Hansson/Mathias Beche/,LMP2,28,3:26.811,+ 9.683,+ 0.075,237.24200000000002,,
11,12,28,TDS Racing,François Perrodo/Matthieu Vaxiviere/Emmanuel Collard/,LMP2,24,3:27.108,+ 9.980,+ 0.297,236.90200000000002,,
12,13,24,CEFC Manor TRS Racing,Tor Graves/Jonathan Hirschi/Jean-Eric Vergne/,LMP2,19,3:27.359,+ 10.231,+ 0.251,236.615,,
13,14,35,Signatech Alpine Matmut,Nelson Panciatici/Pierre Ragues/André Negrão/,LMP2,21,3:27.517,+ 10.389,+ 0.158,236.435,,
14,15,37,Jackie Chan DC Racing,David Cheng/Tristan Gommendy/Alex Brundle/,LMP2,27,3:27.535,+ 10.407,+ 0.018,236.415,,
15,16,27,SMP Racing,Mikhail Aleshin/Sergey Sirotkin/Viktor Shaitar/,LMP2,23,3:27.782,+ 10.654,+ 0.247,236.13400000000001,,
16,17,36,Signatech Alpine Matmut,Romain Dumas/Gustavo Menezes/Matthew Rao/,LMP2,26,3:28.051,+ 10.923,+ 0.269,235.828,,
17,18,39,Graff,Enzo Guibbert/Eric Trouillet/James Winslow/,LMP2,11,3:28.368,+ 11.240,+ 0.317,235.46900000000002,,
18,19,40,Graff,James Allen/Franck Matelli/Richard Bradley/,LMP2,12,3:28.891,+ 11.763,+ 0.523,234.88,,
19,20,32,United Autosports,Will Owen/Hugo de Sadeleer/Filipe Albuquerque/,LMP2,25,3:29.151,+ 12.023,+ 0.260,234.588,,
20,21,21,Dragonspeed - 10 Star,Henrik Hedman/Ben Hanley/Felix Rosenqvist/,LMP2,20,3:29.777,+ 12.649,+ 0.626,233.888,,
21,22,29,Racing Team Nederland,Jan Lammers/Frits van Eerd/Rubens Barrichello/,LMP2,28,3:29.976,+ 12.848,+ 0.199,233.666,,
22,23,22,G-Drive Racing,Memo Rojas/Ryo Hirakawa/Jose Gutiérrez/,LMP2,23,3:30.313,+ 13.185,+ 0.337,233.292,,
23,24,45,Algarve Pro Racing,Mark Patterson/Matt McMurry/Vincent Capillaire/,LMP2,24,3:32.425,+ 15.297,+ 2.112,230.972,,
24,25,34,Tockwith Motorsports,Nigel Moore/Philip Hanson/Karun Chandhok/,LMP2,27,3:32.536,+ 15.408,+ 0.111,230.852,,
25,26,23,Panis Barthez Competition,Fabien Barthez/Timothe Buret/Nathanaël Berthon/,LMP2,5,3:32.888,+ 15.760,+ 0.352,230.47,,
26,27,47,Cetilar Villorba Corse,Roberto Lacorte/Giorgio Sernagiotto/Andrea Belicchi/,LMP2,20,3:33.412,+ 16.284,+ 0.524,229.90400000000002,,
27,28,17,Idec Sport Racing,Patrice Lafargue/Paul Lafargue/David Zollinger/,LMP2,22,3:36.230,+ 19.102,+ 2.818,226.908,,
28,29,43,Keating Motorsports,Ben Keating/Jeroen Bleekemolen/Ricky Taylor/,LMP2,22,3:37.007,+ 19.879,+ 0.777,226.095,,
29,30,97,Aston Martin Racing,Darren Turner/Jonathan Adam/Daniel Serra/,GTE Pro,10,3:50.837,+ 33.709,+ 13.830,212.549,,
30,31,51,AF Corse,James Calado/Alessandro Pier Guidi/Michele Rugolo/,GTE Pro,19,3:51.028,+ 33.900,+ 0.191,212.37400000000002,,
31,32,95,Aston Martin Racing,Nicki Thiim/Marco Sørensen/Richie Stanaway/,GTE Pro,4,3:51.038,+ 33.910,+ 0.010,212.365,,
32,33,71,AF Corse,Davide Rigon/Sam Bird/Miguel Molina/,GTE Pro,19,3:51.086,+ 33.958,+ 0.048,212.32,,
33,34,69,Ford Chip Ganassi Team USA,Ryan Briscoe/Richard Westbrook/Scott Dixon/,GTE Pro,4,3:51.232,+ 34.104,+ 0.146,212.18599999999998,,
34,35,63,Corvette Racing - GM,Jan Magnussen/Antonio García/Jordan Taylor/,GTE Pro,26,3:51.484,+ 34.356,+ 0.252,211.955,,
35,36,92,Porsche GT Team,Michael Christensen/Kévin Estre/Dirk Werner/,GTE Pro,27,3:51.847,+ 34.719,+ 0.363,211.62400000000002,,
36,37,66,Ford Chip Ganassi Team UK,Stefan Mücke/Olivier Pla/Billy Johnson/,GTE Pro,15,3:51.991,+ 34.863,+ 0.144,211.49200000000002,,
37,38,67,Ford Chip Ganassi Team UK,Andy Priaulx/Harry Tincknell/Luis Felipe Derani/,GTE Pro,20,3:52.008,+ 34.880,+ 0.017,211.477,,
38,39,64,Corvette Racing - GM,Oliver Gavin/Tommy Milner/Marcel Fässler/,GTE Pro,27,3:52.017,+ 34.889,+ 0.009,211.468,,
39,40,68,Ford Chip Ganassi Team USA,Joey Hand/Dirk Muller/Tony Kanaan/,GTE Pro,18,3:52.178,+ 35.050,+ 0.161,211.322,,
40,41,50,Larbre Compétition,Fernando Rees/Romain Brandela/Christian Philippon/,GTE Am,21,3:52.843,+ 35.715,+ 0.665,210.718,,
41,42,98,Aston Martin Racing,Paul Dalla Lana/Pedro Lamy/Mathias Lauda/,GTE Am,10,3:53.233,+ 36.105,+ 0.390,210.36599999999999,,
42,43,62,Scuderia Corsa,Cooper MacNeil/Bill Sweedler/Townsend Bell/,GTE Am,17,3:53.312,+ 36.184,+ 0.079,210.295,,
43,44,77,Dempsey-Proton Racing,Christian Ried/Matteo Cairoli/Marvin Dienst/,GTE Am,7,3:53.381,+ 36.253,+ 0.069,210.233,,
44,45,55,Spirit of Race,Duncan Cameron/Aaron Scott/Marco Cioci/,GTE Am,25,3:53.641,+ 36.513,+ 0.260,209.99900000000002,,
45,46,91,Porsche GT Team,Richard Lietz/Frédéric Makowiecki/Patrick Pilet/,GTE Pro,20,3:53.807,+ 36.679,+ 0.166,209.85,,
46,47,84,JMW Motorsport,Robert Smith/Will Stevens/Dries Vanthoor/,GTE Am,19,3:53.977,+ 36.849,+ 0.170,209.697,,
47,48,83,DH Racing,Tracy Krohn/Nic Jönsson/Andrea Bertolini/,GTE Am,24,3:54.088,+ 36.960,+ 0.111,209.59799999999998,,
48,49,82,Risi Competizione,Toni Vilander/Giancarlo Fisichella/Pierre Kaffer/,GTE Pro,8,3:54.129,+ 37.001,+ 0.041,209.56099999999998,,
49,50,99,Beechdean AMR,Andrew Howard/Ross Gunn/Oliver Bryant/,GTE Am,18,3:54.328,+ 37.200,+ 0.199,209.38299999999998,,
50,51,90,TF Sport,Salih Yoluc/Euan Hankey/Rob Bell/,GTE Am,15,3:54.551,+ 37.423,+ 0.223,209.18400000000003,,
51,52,61,Clearwater Racing,Weng Sun Mok/Keita Sawa/Matt Griffin/,GTE Am,26,3:54.955,+ 37.827,+ 0.404,208.824,,
52,53,60,Clearwater Racing,Richard Wee/Hiroki Katoh/Álvaro Parente/,GTE Am,25,3:54.994,+ 37.866,+ 0.039,208.79,,
53,54,54,Spirit of Race,Thomas Flohr/Francesco Castellacci/Olivier Beretta/,GTE Am,13,3:56.301,+ 39.173,+ 1.307,207.635,,
54,55,86,Gulf Racing,Michael Wainwright/Ben Barker/Nick Foster/,GTE Am,19,3:56.469,+ 39.341,+ 0.168,207.487,,
55,56,93,Proton Competition,Patrick Long/Abdulaziz al Faisal/Mike Hedlund/,GTE Am,15,3:59.046,+ 41.918,+ 2.577,205.25,,
56,57,88,Proton Competition,Klaus Bachler/Stephane Lemeret/Khaled Al Qubaisi/,GTE Am,17,4:00.323,+ 43.195,+ 1.277,204.16,,
