,Pos,No,Team,Drivers,Class,Laps,Time,Gap,Interval,Kph,Best,Lap
0,1,17,SMP Racing,Stéphane Sarrazin/Egor Orudzhev/Sergey Sirotkin/,LMP1,16,3:16.159,,,250.07,,
1,2,3,Rebellion Racing,Thomas Laurent/Nathanaël Berthon/Gustavo Menezes/,LMP1,23,3:16.404,+ 0.245,+ 0.245,249.75799999999998,,
2,3,11,SMP Racing,Vitaly Petrov/Mikhail Aleshin/Stoffel Vandoorne/,LMP1,16,3:16.665,+ 0.506,+ 0.261,249.42700000000002,,
3,4,1,Rebellion Racing,Neel Jani/André Lotterer/Bruno Senna/,LMP1,9,3:16.810,+ 0.651,+ 0.145,249.243,,
4,5,7,Toyota Gazoo Racing,Mike Conway/Kamui Kobayashi/Jose Maria Lopez/,LMP1,28,3:20.494,+ 4.335,+ 3.684,244.66299999999998,,
5,6,8,Toyota Gazoo Racing,Sébastien Buemi/Kazuki Nakajima/Fernando Alonso/,LMP1,28,3:20.669,+ 4.510,+ 0.175,244.45,,
6,7,4,ByKOLLES Racing Team,Tom Dillmann/Oliver Webb/Paolo Ruberti/,LMP1,23,3:23.109,+ 6.950,+ 2.440,241.513,,
7,8,28,TDS Racing,François Perrodo/Matthieu Vaxiviere/Loïc Duval/,LMP2,24,3:25.345,+ 9.186,+ 2.236,238.88299999999998,,
8,9,31,DragonSpeed,Roberto González/Pastor Maldonado/Anthony Davidson/,LMP2,23,3:25.667,+ 9.508,+ 0.322,238.50900000000001,,
9,10,36,Signatech Alpine Matmut,Nicolas Lapierre/André Negrão/Pierre Thiriet/,LMP2,24,3:25.874,+ 9.715,+ 0.207,238.27,,
10,11,10,DragonSpeed,Henrik Hedman/Ben Hanley/Renger van der Zande/,LMP1,12,3:25.902,+ 9.743,+ 0.028,238.237,,
11,12,48,Idec Sport Racing,Paul Lafargue/Paul Loup Chatin/Memo Rojas/,LMP2,24,3:26.011,+ 9.852,+ 0.109,238.111,,
12,13,26,G-Drive Racing,Roman Rusinov/Job van Uitert/Jean-Eric Vergne/,LMP2,25,3:26.257,+ 10.098,+ 0.246,237.827,,
13,14,22,United Autosports,Philip Hanson/Filipe Albuquerque/Paul di Resta/,LMP2,18,3:26.543,+ 10.384,+ 0.286,237.498,,
14,15,29,Racing Team Nederland,Frits van Eerd/Giedo van der Garde/Nyck de Vries/,LMP2,23,3:27.384,+ 11.225,+ 0.841,236.535,,
15,16,32,United Autosports,Ryan Cullen/Alex Brundle/Will Owen/,LMP2,25,3:27.509,+ 11.350,+ 0.125,236.392,,
16,17,20,High Class Racing,Anders Fjordbach/Dennis Andersen/Mathias Beche/,LMP2,25,3:27.610,+ 11.451,+ 0.101,236.27700000000002,,
17,18,38,Jackie Chan DC Racing,Ho-Pin Tung/Stéphane Richelmi/Gabriel Aubry/,LMP2,25,3:27.779,+ 11.620,+ 0.169,236.085,,
18,19,37,Jackie Chan DC Racing,David Heinemeier Hansson/Jordan King/Ricky Taylor/,LMP2,26,3:28.049,+ 11.890,+ 0.270,235.77900000000002,,
19,20,30,Duqueine Engineering,Nicolas Jamin/Pierre Ragues/Romain Dumas/,LMP2,21,3:28.195,+ 12.036,+ 0.146,235.613,,
20,21,43,RLR M Sport/Tower Events,John Farano/Arjun Maini/Norman Nato/,LMP2,23,3:28.803,+ 12.644,+ 0.608,234.92700000000002,,
21,22,47,Cetilar Villorba Corse,Roberto Lacorte/Giorgio Sernagiotto/Andrea Belicchi/,LMP2,23,3:29.556,+ 13.397,+ 0.753,234.083,,
22,23,25,Algarve Pro Racing,David Zollinger/Andrea Pizzitola/John Falb/,LMP2,24,3:31.113,+ 14.954,+ 1.557,232.357,,
23,24,34,Inter Europol Competition,Jakub Smiechowski/James Winslow/Nigel Moore/,LMP2,20,3:31.491,+ 15.332,+ 0.378,231.94099999999997,,
24,25,23,Panis Barthez Competition,René Binder/Julien Canal/Will Stevens/,LMP2,23,3:32.511,+ 16.352,+ 1.020,230.828,,
25,26,49,ARC Bratislava,Miroslav Konopka/Henning Enqvist/Konstantin Tereschenko/,LMP2,21,3:34.146,+ 17.987,+ 1.635,229.06599999999997,,
26,27,50,Larbre Compétition,Erwin Creed/Romano Ricci/Nick Boulle/,LMP2,24,3:34.913,+ 18.754,+ 0.767,228.248,,
27,28,95,Aston Martin Racing,Nicki Thiim/Marco Sørensen/Darren Turner/,GTE Pro,24,3:48.000,+ 31.841,+ 13.087,215.14700000000002,,
28,29,67,Ford Chip Ganassi Team UK,Andy Priaulx/Harry Tincknell/Jonathan Bomarito/,GTE Pro,20,3:48.112,+ 31.953,+ 0.112,215.041,,
29,30,63,Corvette Racing,Jan Magnussen/Antonio García/Mike Rockenfeller/,GTE Pro,21,3:48.830,+ 32.671,+ 0.718,214.36599999999999,,
30,31,93,Porsche GT Team,Patrick Pilet/Earl Bamber/Nick Tandy/,GTE Pro,19,3:48.907,+ 32.748,+ 0.077,214.294,,
31,32,82,BMW Team MTEK,Augusto Farfus/António Félix da Costa/Jesse Krohn/,GTE Pro,20,3:49.108,+ 32.949,+ 0.201,214.106,,
32,33,68,Ford Chip Ganassi Team USA,Joey Hand/Dirk Muller/Sebastien Bourdais/,GTE Pro,19,3:49.116,+ 32.957,+ 0.008,214.09900000000002,,
33,34,92,Porsche GT Team,Michael Christensen/Kévin Estre/Laurens Vanthoor/,GTE Pro,20,3:49.196,+ 33.037,+ 0.080,214.024,,
34,35,71,AF Corse,Davide Rigon/Sam Bird/Miguel Molina/,GTE Pro,18,3:49.391,+ 33.232,+ 0.195,213.842,,
35,36,66,Ford Chip Ganassi Team UK,Stefan Mücke/Olivier Pla/Billy Johnson/,GTE Pro,17,3:49.511,+ 33.352,+ 0.120,213.73,,
36,37,69,Ford Chip Ganassi Team USA,Ryan Briscoe/Richard Westbrook/Scott Dixon/,GTE Pro,20,3:49.546,+ 33.387,+ 0.035,213.69799999999998,,
37,38,64,Corvette Racing,Oliver Gavin/Tommy Milner/Marcel Fässler/,GTE Pro,23,3:49.573,+ 33.414,+ 0.027,213.673,,
38,39,51,AF Corse,Alessandro Pier Guidi/James Calado/Daniel Serra/,GTE Pro,22,3:49.655,+ 33.496,+ 0.082,213.59599999999998,,
39,40,97,Aston Martin Racing,Maxime Martin/Alex Lynn/Jonathan Adam/,GTE Pro,24,3:50.383,+ 34.224,+ 0.728,212.921,,
40,41,94,Porsche GT Team,Sven Müller/Mathieu Jaminet/Dennis Olsen/,GTE Pro,26,3:50.593,+ 34.434,+ 0.210,212.72799999999998,,
41,42,91,Porsche GT Team,Richard Lietz/Gianmaria Bruni/Frédéric Makowiecki/,GTE Pro,23,3:51.039,+ 34.880,+ 0.446,212.317,,
42,43,88,Dempsey-Proton Racing,Satoshi Hoshino/Giorgio Roda/Matteo Cairoli/,GTE Am,16,3:51.439,+ 35.280,+ 0.400,211.95,,
43,44,89,Risi Competizione,Luis Felipe Derani/Oliver Jarvis/Jules Gounon/,GTE Pro,20,3:51.454,+ 35.295,+ 0.015,211.93599999999998,,
44,45,77,Dempsey-Proton Racing,Matt Campbell/Christian Ried/Julien Andlauer/,GTE Am,13,3:51.645,+ 35.486,+ 0.191,211.761,,
45,46,86,Gulf Racing,Michael Wainwright/Ben Barker/Thomas Preining/,GTE Am,9,3:51.944,+ 35.785,+ 0.299,211.488,,
46,47,84,JMW Motorsport,Jeffrey Segal/Rodrigo Baptista/Wei Lu/,GTE Am,18,3:52.423,+ 36.264,+ 0.479,211.053,,
47,48,78,Proton Competition,Louis Prette Jr./Philippe Prette/Vincent Abril/,GTE Am,21,3:52.434,+ 36.275,+ 0.011,211.043,,
48,49,54,Spirit of Race,Thomas Flohr/Francesco Castellacci/Giancarlo Fisichella/,GTE Am,20,3:52.879,+ 36.720,+ 0.445,210.639,,
49,50,56,Team Project 1,Jörg Bergmeister/Patrick Lindsey/Egidio Perfetti/,GTE Am,20,3:53.135,+ 36.976,+ 0.256,210.408,,
50,51,60,Kessel Racing,Claudio Schiavoni/Sergio Pianezzola/Andrea Piccini/,GTE Am,22,3:53.528,+ 37.369,+ 0.393,210.054,,
51,52,90,TF Sport,Salih Yoluc/Euan Hankey/Charlie Eastwood/,GTE Am,21,3:53.606,+ 37.447,+ 0.078,209.984,,
52,53,62,WeatherTech Racing,Cooper MacNeil/Toni Vilander/Robert Smith/,GTE Am,20,3:53.630,+ 37.471,+ 0.024,209.96200000000002,,
53,54,98,Aston Martin Racing,Paul Dalla Lana/Pedro Lamy/Mathias Lauda/,GTE Am,20,3:53.698,+ 37.539,+ 0.068,209.90099999999998,,
54,55,70,MR Racing,Motoaki Ishikawa/Olivier Beretta/Eddie Cheever III/,GTE Am,23,3:54.051,+ 37.892,+ 0.353,209.585,,
55,56,83,Kessel Racing,Manuela Gostner/Rahel Frey/Michelle Gatting/,GTE Am,23,3:54.083,+ 37.924,+ 0.032,209.55599999999998,,
56,57,61,Clearwater Racing,Luis Pérez-Companc/Matt Griffin/Matteo Cressoni/,GTE Am,24,3:54.799,+ 38.640,+ 0.716,208.917,,
57,58,85,Keating Motorsports,Ben Keating/Jeroen Bleekemolen/Felipe Fraga/,GTE Am,9,3:54.815,+ 38.656,+ 0.016,208.903,,
58,59,57,CarGuy Racing,Takeshi Kimura/Kei Cozzolino/Côme Ledogar/,GTE Am,20,3:54.928,+ 38.769,+ 0.113,208.80200000000002,,
59,60,39,Graff,Tristan Gommendy/Vincent Capillaire/Jonathan Hirschi/,LMP2,19,,,,,,
60,61,81,BMW Team MTEK,Nick Catsburg/Martin Tomczyk/Philipp Eng/,GTE Pro,2,,,,,,
